01: 259.0 - [226, 176, 451, 58, 157, 295, 281, 152, 164, 370, 375, 186, 194, 65, 247, 174, 373, 408, 81, 420, 1, 223, 291, 98, 379, 496, 78, 342, 99, 470, 423, 394, 274, 431, 249, 127, 17, 25, 33, 215, 363, 82, 192, 346, 273, 399, 9, 95, 478, 480, 435, 206, 341, 333, 86, 494, 182, 378, 336, 335, 114, 102, 120, 292, 109, 299, 411, 134, 356, 270, 266, 47, 3]
02: 67506.65 - [8, 254, 228, 335, 74, 133, 307, 144, 5, 48, 371, 148, 290, 242, 26, 46, 449, 182, 495, 485, 100, 310, 134, 431, 386, 393, 13, 380, 157, 452, 399, 445, 168, 72, 57, 60, 375, 30, 109, 50, 480, 95, 419, 427, 443, 56, 198, 346, 132, 138, 411, 257, 31, 464, 330, 345, 140, 206, 490, 265, 224, 84, 186, 16, 71, 125, 354, 320, 203, 278, 233, 446, 433, 200, 260]
03: 2064.0 - [330, 836, 739, 980, 801, 763, 503, 236, 164, 165, 90, 840, 276, 810, 141, 178, 560, 426, 645, 30, 449, 349, 441, 439, 145, 833, 191, 751, 480, 422, 493, 390, 669, 998, 647, 760, 370, 940, 932, 216, 909, 314, 219, 18, 133, 701, 651, 815, 907, 450, 143, 437, 372, 408, 110, 547, 596, 965, 122, 57, 538, 563, 733, 250, 964, 871, 690, 847, 517, 868, 360, 525, 415, 653, 922, 26, 222, 777, 765, 156, 727, 371, 388, 471, 186, 55, 49, 952, 60, 655, 144, 531, 462, 902, 369, 858, 295, 64, 75, 98, 590, 635, 877, 410, 930, 304, 423, 617, 19, 111, 14, 599, 214, 657, 72, 487, 637, 460, 421, 500, 875, 950, 941, 8, 402, 323, 955, 817, 196, 459, 659, 420, 832, 379, 616]
04: 23101.71 - [366, 246, 23, 25, 292, 417, 506, 914, 409, 566, 471, 253, 756, 311, 931, 630, 2, 841, 34, 110, 924, 491, 114, 844, 472, 771, 130, 341, 697, 172, 22, 320, 149, 818, 247, 179, 235]
05: 
06: 
07: 2334.0 - [866, 979, 2470, 4371, 281, 2914, 2878, 747, 1147, 176, 379, 4460, 4710, 3853, 2213, 852, 25, 3914, 3023, 4759, 2859, 1215, 3466, 1613, 2999, 4538, 3364, 2372, 3101, 4354, 1024, 4458, 602, 975, 2085, 4133, 4843, 564, 1180, 4162, 2399, 3594, 1019, 1485, 2446, 3460, 1628, 2424, 223, 4767, 512, 2381, 2090, 4151, 2013, 1702, 157, 2247, 1903, 1112, 3431, 4685, 1242, 226, 194, 1437, 65, 4373, 836, 2007, 855, 3004, 1725, 4788, 2896, 1875, 2098, 3297, 2402, 1, 3741, 2641, 99, 496, 1518]
08: 
09: 6085.0 - [6906, 270, 2885, 5184, 5844, 3027, 8342, 7467, 7243, 5337, 8636, 7590, 2090, 4311, 3929, 7140, 5448, 8868, 8764, 1975, 1640, 5476, 7918, 5429, 2083, 8873, 95, 5447, 9757, 769, 8628, 1215, 6606, 5817, 7997, 194, 8865, 479, 5749, 7196, 2448, 8905, 3678, 2247, 4370, 8033, 6926, 3956, 8794, 3361, 176, 8113, 1610, 5530, 2523, 8649, 9, 3351, 6946, 9658, 274, 174, 2793, 8183, 7619, 5245, 4273, 6028, 98, 3914, 186, 5737, 496, 3708, 8669, 9324, 3004, 5106, 7184, 4395, 4778, 3853, 7323, 1903, 1936, 8953, 8051, 7732, 6881, 4767, 3275, 1613]
10: 144223.79 - [7416, 8, 5980, 2235, 6475, 4163, 4724, 3410, 5467, 6929, 2424, 2433, 6507, 5297, 5714, 9867, 8600, 7733, 74, 8480, 8663, 2256, 30, 1264, 2794, 8300, 4744, 2087, 6442, 198, 9477, 1391, 2810, 2407, 6092, 6347, 5145, 755, 5846, 4047, 7857, 3475, 2358, 2285, 6487, 8012, 4234, 7898, 1625, 7847, 8155, 5164, 5605, 4721, 3123, 9564, 5720, 5929, 5269, 5445, 4675, 8939, 7586, 4468, 3715, 7311, 4843, 3144, 9344, 7890, 967, 9328, 393, 5479, 1801, 7126, 9772, 2732, 7071, 3486, 7525, 3061, 9364, 3188, 4062, 4567, 6133, 5383, 3791, 9893, 1290, 1931, 2706, 4932, 7751, 6948, 6911, 7142, 310, 6706, 1817, 5587, 2410, 9375, 7644, 1023, 8720, 168, 8530, 9092, 4863, 1904, 2077, 9712, 7527, 1421, 100, 691, 3382, 289, 9442, 1128, 695, 140, 3108, 7981, 9900, 375, 5245, 8060, 3970, 5009, 3868, 1481, 3348, 9071, 445, 4429, 4778, 6655, 9025, 5048, 3390, 8449, 3282, 1146, 5207, 2772, 5943, 7113]
 